79 1
129 1
55 1
105 1
106 1
132 1
119 1
102 1
11 1
24 1
41 1
34 1
43 1
90 1
19 1
93 1
56 1
23 1
25 1
42 1
114 1
44 1
22 1
51 1
59 1
71 1
26 1
88 1
31 1
67 1
86 1
73 1
62 1
103 1
60 1
2 1
3 1
37 1
113 1
75 1
48 1
125 1
50 1
4 1
9 1
17 1
14 1
15 1
80 1
63 1
121 1
137 1
85 1
47 1
91 1
98 1
16 1
38 1
30 1
65 1
46 1
87 1
104 1
120 1
6 1
110 1
66 1
128 1
111 1
131 1
82 1
5 1
107 1
39 1
1 1
136 2
69 2
27 2
68 2
109 2
112 2
127 2
84 2
33 2
10 2
8 2
35 2
117 2
77 2
12 2
134 2
52 2
122 2
40 2
124 2
92 2
49 2
28 2
58 2
118 2
96 2
76 2
97 2
94 2
13 2
29 3
123 3
64 3
130 3
100 3
53 3
21 3
89 3
115 3
133 3
7 3
101 3
18 4
70 4
126 4
61 4
138 5
32 5
45 6
20 6
83 6
108 6
99 6
54 6
135 7
72 7
57 8
95 8
78 8
81 8
36 9
116 10
74 11
