57 1
205 1
138 1
22 1
46 1
270 1
54 1
115 1
209 1
74 1
104 1
40 1
107 1
137 1
173 1
328 1
193 1
362 1
316 1
168 1
187 1
162 1
236 1
142 1
78 1
241 1
185 1
86 1
8 1
238 2
251 2
114 2
132 2
171 2
354 2
53 2
158 2
327 2
313 2
355 2
284 2
116 2
140 2
118 2
285 2
63 2
230 2
379 2
357 2
194 2
85 2
9 2
283 2
17 2
188 2
99 2
136 2
315 2
13 2
239 3
176 3
319 3
314 3
309 3
105 3
353 3
235 3
2 3
3 3
229 3
361 3
117 3
80 3
220 3
179 3
232 3
135 3
19 3
246 4
161 4
359 4
95 4
310 4
147 4
208 4
381 4
44 4
269 4
290 4
333 4
358 4
56 4
312 4
34 5
76 5
150 5
306 5
133 5
318 5
119 5
165 5
344 5
141 5
383 5
92 5
218 5
212 5
58 5
341 5
43 5
189 6
211 6
42 6
196 6
174 6
112 6
163 6
352 6
102 6
195 6
382 6
37 6
207 6
201 6
366 7
378 7
367 7
365 7
369 7
377 7
368 7
364 7
376 7
380 7
281 8
224 8
184 8
186 8
277 8
214 8
55 8
297 8
322 8
373 8
360 8
157 8
100 8
181 9
299 9
325 9
38 9
156 9
64 9
144 9
191 9
11 9
151 10
45 10
97 10
244 10
226 10
47 10
276 10
62 10
159 10
347 10
175 11
265 11
146 11
127 11
243 11
192 11
348 11
154 11
148 12
129 12
155 12
253 12
363 12
167 12
237 12
14 12
375 12
21 12
256 13
274 13
27 13
32 13
219 13
6 13
124 13
111 13
106 13
66 13
331 13
339 13
49 14
67 14
16 14
267 14
96 14
289 14
130 14
350 14
139 14
170 14
250 15
152 15
91 15
261 15
234 15
385 15
77 15
183 15
326 15
305 15
109 15
329 15
149 16
50 16
215 16
65 16
262 16
61 16
254 16
121 16
287 17
216 17
252 17
41 17
7 17
342 17
108 17
204 17
23 17
59 17
94 17
122 17
166 17
345 17
12 18
286 18
70 18
33 18
75 18
87 18
113 18
263 18
182 18
222 18
346 19
248 19
131 19
71 19
223 19
320 19
160 19
308 19
259 19
29 19
18 20
302 20
1 20
177 20
264 20
52 20
294 20
172 20
28 20
279 20
273 20
338 21
68 21
227 21
60 21
296 21
349 21
98 21
84 21
228 22
203 22
202 22
35 22
300 22
15 22
24 23
134 23
258 23
268 23
288 23
79 23
82 23
164 23
292 23
343 23
307 23
213 24
233 24
295 24
280 24
169 24
4 24
25 24
110 25
101 25
125 25
231 25
324 25
90 25
10 25
245 25
370 26
332 26
200 26
51 26
335 26
298 26
197 26
210 26
5 26
128 26
351 27
257 27
221 27
282 27
255 27
242 27
93 27
206 28
30 28
103 28
317 28
249 28
178 28
311 28
69 29
330 29
260 29
36 29
356 29
247 29
340 30
301 30
266 30
126 30
271 30
199 31
48 31
334 31
145 31
337 31
81 32
321 32
336 32
123 32
180 32
72 32
153 32
323 33
190 33
89 33
225 33
384 34
372 34
371 34
374 34
278 35
143 35
293 35
272 35
20 35
26 36
120 36
73 36
83 36
198 36
39 37
275 37
240 37
31 37
291 38
88 38
303 39
217 39
304 40
